N,α,λ,nsamples,t,t_err,E,E_err,Δ0,Δ0_err
40,0.2,0.1,100,23.36,0.0482418151324422,-2.0001902590278067,4.266564817151515e-6,1.0194366878554613,0.02404540462327559
40,0.2,0.2,100,28.910000000000004,0.6275002515191255,-1.0002122446314954,4.641101216793441e-6,1.0058151409926106,0.021311363814507333
40,0.2,0.3,100,32.32,1.5673357694321324,-0.64904718290439,0.005318040471329866,0.5485195256606753,0.04354901842450675
40,0.2,0.4,100,23.27,2.1906068989799574,-0.5316945410248913,0.008965634585635386,0.1539775058154088,0.03188272677705184
40,0.2,0.5,100,11.530000000000001,0.9542520472584641,-0.5305925783865226,0.011695083296303557,0.06075434171582196,0.024470693019981237
40,0.2,0.6,100,9.149999999999999,0.9471248357769185,-0.5127703531477674,0.01346514162649686,0.054750378235967956,0.025112412991425415
40,0.2,0.7,100,6.5600000000000005,0.738182315768355,-0.5054089378675167,0.011025871255871145,0.04465234700735575,0.020153844774059605
40,0.2,0.8,100,4.76,0.9768140337677672,-0.5038479935535167,0.010785435032814665,0.007432322950446461,0.007424865819762882
40,0.2,0.9,100,2.95,0.32015621187164245,-0.49731160538663743,0.010718381711251567,6.539361214997082e-7,4.1198149197791677e-7
40,0.2,1.0,100,3.4099999999999997,0.6668325551183419,-0.4945925924445631,0.010094155433966419,0.0169858800232116,0.012206588119072511
