N,α,λ,nsamples,t,t_err,E,E_err,Δ0,Δ0_err
40,0.2,0.1,100,23.369999999999997,0.0485236587093909,-2.000193289524576,4.449691408294492e-6,1.0168266666028751,0.023205544022993872
40,0.2,0.2,100,28.160000000000004,0.23643821667198878,-0.9947706771719494,0.0031548580560858833,0.9843390887668851,0.0244423770323409
40,0.2,0.3,100,32.23,1.0536952772854862,-0.6462746063357979,0.005092562725696424,0.5964180465334914,0.04189433515776484
40,0.2,0.4,100,24.40999999999999,2.119371690769782,-0.5392412436818033,0.010540993990564707,0.20343815769471915,0.03600086985857387
40,0.2,0.5,100,12.190000000000001,0.9802797992657429,-0.5084691484874155,0.008887036493322596,0.053403399244602856,0.020208760056010706
40,0.2,0.6,100,7.890000000000001,0.7409923730847012,-0.5084254371024578,0.010799455020447258,0.023720331162243525,0.01737798088448846
40,0.2,0.7,100,6.320000000000001,0.9930953548569158,-0.5221057742521008,0.012205493440099812,0.03165577054184243,0.018697980441916843
40,0.2,0.8,100,4.419999999999998,0.5646452358997129,-0.516362058632809,0.012453784914097462,0.03948966916628368,0.022980651133011704
40,0.2,0.9,100,3.5000000000000013,0.6232044916268161,-0.5132665114696677,0.010624360606232942,0.02207745431696993,0.015635954925930933
40,0.2,1.0,100,2.99,0.4210364796210859,-0.49436076339718926,0.010695199958504514,0.018929664751993456,0.013329482099946706
