N,α,λ,nsamples,t,t_err,E,E_err,Δ0,Δ0_err
40,0.2,0.1,100,23.260000000000016,0.0440844002276808,-2.0001836225769205,3.4893112313422186e-6,0.9699624619710611,0.021268763018716913
40,0.2,0.2,100,28.04,0.20837029975066465,-0.9972340484671095,0.0021275828655075,0.9977229388303527,0.023413821966915587
40,0.2,0.3,100,30.999999999999986,1.1215069227507146,-0.6485035180605212,0.004522179210763394,0.5681463220231632,0.043033353869612906
40,0.2,0.4,100,23.219999999999995,2.4676320797088214,-0.5313202166230058,0.00982983479234654,0.15818794891683974,0.031972720080649206
40,0.2,0.5,100,11.58,0.9932275721610886,-0.5199254187017988,0.010607752905180476,0.0461352857560812,0.021433564816029982
40,0.2,0.6,100,9.369999999999997,1.0121139992484778,-0.5136814683344543,0.012061682781897435,0.06882289468637415,0.027548087965132136
40,0.2,0.7,100,5.2600000000000025,0.529840837545874,-0.5217117654435222,0.011755542202767602,0.03264139622553358,0.018682877561210023
40,0.2,0.8,100,4.17,0.44108566702690044,-0.4855354924673971,0.010016615898884328,4.838888179264129e-6,2.5307625918945493e-6
40,0.2,0.9,100,2.76,0.34760944065477173,-0.5173625656983653,0.010982302948764988,1.2067393135582875e-6,9.265923629547427e-7
40,0.2,1.0,100,2.6599999999999997,0.3388095618366152,-0.49788337889044726,0.012585975900396383,1.3247893821868608e-6,1.2362395636375293e-6
