N,α,λ,nsamples,t,t_err,E,E_err,Δ0,Δ0_err
40,0.2,0.1,100,23.36,0.04824181513244221,-2.0001910730862886,3.881733603318882e-6,1.0277898702313568,0.02203873534591978
40,0.2,0.2,100,27.87,0.17271158886795338,-0.9988305604501363,0.001380245950802372,0.9587947546477026,0.02179157163150984
40,0.2,0.3,100,29.630000000000003,1.6340848611174803,-0.6468846977373867,0.005848895914691598,0.46336313968178505,0.044738151887461435
40,0.2,0.4,100,22.47,1.83723854045833,-0.537714188285227,0.010016326757403694,0.16123792482581553,0.03399223222961446
40,0.2,0.5,100,12.600000000000005,1.2569805089976536,-0.5316820729016143,0.011374117315615958,0.07460556293616817,0.027615066819228696
40,0.2,0.6,100,8.43,0.7432191786241443,-0.5004986670352275,0.010616150939013164,0.018258081121462755,0.012897742749792903
40,0.2,0.7,100,6.0600000000000005,0.5555632322701936,-0.4818910778632975,0.009485727031747463,2.439607430521741e-5,1.9195135101159692e-5
40,0.2,0.8,100,4.07,0.42241609052609924,-0.49902755560215717,0.01159310173775458,1.894032626259518e-6,8.593003844065457e-7
40,0.2,0.9,100,3.1999999999999993,0.3711842908553348,-0.49328934370579963,0.01044265001096099,0.007223784556363184,0.007223678882271232
40,0.2,1.0,100,2.410000000000001,0.3487626034071794,-0.5055268586247392,0.010319086488578143,0.008732784310683467,0.008732502970093824
